[Player]
Sensitivity =5
PlayerFOV =90
XAXIS=5.000000
YAXIS=3.000000
